0.0001, 3, 2
0.000125, 3, 2
0.00016667, 3, 2
0.00025, 3, 2
0.0005, 3, 2
0.01, 3, 2
0.0125, 3, 2
0.01667, 3, 2
0.025, 3, 2
0.05, 3, 2
0.0001, 5, 2
0.000125, 5, 2
0.00016667, 5, 2
0.00025, 5, 2
0.0005, 5, 2
0.01, 5, 2
0.0125, 5, 2
0.01667, 5, 2
0.025, 5, 2
0.05, 5, 2
0.0001, 7, 2
0.000125, 7, 2
0.00016667, 7, 2
0.00025, 7, 2
0.0005, 7, 2
0.01, 7, 2
0.0125, 7, 2
0.01667, 7, 2
0.025, 7, 2
0.05, 7, 2
0.0001, 9, 2
0.000125, 9, 2
0.00016667, 9, 2
0.00025, 9, 2
0.0005, 9, 2
0.01, 9, 2
0.0125, 9, 2
0.01667, 9, 2
0.025, 9, 2
0.05, 9, 2
0.0001, 11, 2
0.000125, 11, 2
0.00016667, 11, 2
0.00025, 11, 2
0.0005, 11, 2
0.01, 11, 2
0.0125, 11, 2
0.01667, 11, 2
0.025, 11, 2
0.05, 11, 2
0.0001, 13, 2
0.000125, 13, 2
0.00016667, 13, 2
0.00025, 13, 2
0.0005, 13, 2
0.01, 13, 2
0.0125, 13, 2
0.01667, 13, 2
0.025, 13, 2
0.05, 13, 2
0.0001, 3, 2
0.000125, 3, 2
0.00016667, 3, 2
0.00025, 3, 2
0.0005, 3, 2
0.01, 3, 2
0.0125, 3, 2
0.01667, 3, 2
0.025, 3, 2
0.05, 3, 2
0.0001, 5, 2
0.000125, 5, 2
0.00016667, 5, 2
0.00025, 5, 2
0.0005, 5, 2
0.01, 5, 2
0.0125, 5, 2
0.01667, 5, 2
0.025, 5, 2
0.05, 5, 2
0.0001, 7, 2
0.000125, 7, 2
0.00016667, 7, 2
0.00025, 7, 2
0.0005, 7, 2
0.01, 7, 2
0.0125, 7, 2
0.01667, 7, 2
0.025, 7, 2
0.05, 7, 2
0.0001, 9, 2
0.000125, 9, 2
0.00016667, 9, 2
0.00025, 9, 2
0.0005, 9, 2
0.01, 9, 2
0.0125, 9, 2
0.01667, 9, 2
0.025, 9, 2
0.05, 9, 2
0.0001, 11, 2
0.000125, 11, 2
0.00016667, 11, 2
0.00025, 11, 2
0.0005, 11, 2
0.01, 11, 2
0.0125, 11, 2
0.01667, 11, 2
0.025, 11, 2
0.05, 11, 2
0.0001, 13, 2
0.000125, 13, 2
0.00016667, 13, 2
0.00025, 13, 2
0.0005, 13, 2
0.01, 13, 2
0.0125, 13, 2
0.01667, 13, 2
0.025, 13, 2
0.05, 13, 2
0.0001, 3, 2
0.000125, 3, 2
0.00016667, 3, 2
0.00025, 3, 2
0.0005, 3, 2
0.01, 3, 2
0.0125, 3, 2
0.01667, 3, 2
0.025, 3, 2
0.05, 3, 2
0.0001, 5, 2
0.000125, 5, 2
0.00016667, 5, 2
0.00025, 5, 2
0.0005, 5, 2
0.01, 5, 2
0.0125, 5, 2
0.01667, 5, 2
0.025, 5, 2
0.05, 5, 2
0.0001, 7, 2
0.000125, 7, 2
0.00016667, 7, 2
0.00025, 7, 2
0.0005, 7, 2
0.01, 7, 2
0.0125, 7, 2
0.01667, 7, 2
0.025, 7, 2
0.05, 7, 2
0.0001, 9, 2
0.000125, 9, 2
0.00016667, 9, 2
0.00025, 9, 2
0.0005, 9, 2
0.01, 9, 2
0.0125, 9, 2
0.01667, 9, 2
0.025, 9, 2
0.05, 9, 2
0.0001, 11, 2
0.000125, 11, 2
0.00016667, 11, 2
0.00025, 11, 2
0.0005, 11, 2
0.01, 11, 2
0.0125, 11, 2
0.01667, 11, 2
0.025, 11, 2
0.05, 11, 2
0.0001, 13, 2
0.000125, 13, 2
0.00016667, 13, 2
0.00025, 13, 2
0.0005, 13, 2
0.01, 13, 2
0.0125, 13, 2
0.01667, 13, 2
0.025, 13, 2
0.05, 13, 2
0.0001, 3, 2
0.000125, 3, 2
0.00016667, 3, 2
0.00025, 3, 2
0.0005, 3, 2
0.01, 3, 2
0.0125, 3, 2
0.01667, 3, 2
0.025, 3, 2
0.05, 3, 2
0.0001, 5, 2
0.000125, 5, 2
0.00016667, 5, 2
0.00025, 5, 2
0.0005, 5, 2
0.01, 5, 2
0.0125, 5, 2
0.01667, 5, 2
0.025, 5, 2
0.05, 5, 2
0.0001, 7, 2
0.000125, 7, 2
0.00016667, 7, 2
0.00025, 7, 2
0.0005, 7, 2
0.01, 7, 2
0.0125, 7, 2
0.01667, 7, 2
0.025, 7, 2
0.05, 7, 2
0.0001, 9, 2
0.000125, 9, 2
0.00016667, 9, 2
0.00025, 9, 2
0.0005, 9, 2
0.01, 9, 2
0.0125, 9, 2
0.01667, 9, 2
0.025, 9, 2
0.05, 9, 2
0.0001, 11, 2
0.000125, 11, 2
0.00016667, 11, 2
0.00025, 11, 2
0.0005, 11, 2
0.01, 11, 2
0.0125, 11, 2
0.01667, 11, 2
0.025, 11, 2
0.05, 11, 2
0.0001, 13, 2
0.000125, 13, 2
0.00016667, 13, 2
0.00025, 13, 2
0.0005, 13, 2
0.01, 13, 2
0.0125, 13, 2
0.01667, 13, 2
0.025, 13, 2
0.05, 13, 2
0.0001, 3, 2
0.000125, 3, 2
0.00016667, 3, 2
0.00025, 3, 2
0.0005, 3, 2
0.01, 3, 2
0.0125, 3, 2
0.01667, 3, 2
0.025, 3, 2
0.05, 3, 2
0.0001, 5, 2
0.000125, 5, 2
0.00016667, 5, 2
0.00025, 5, 2
0.0005, 5, 2
0.01, 5, 2
0.0125, 5, 2
0.01667, 5, 2
0.025, 5, 2
0.05, 5, 2
0.0001, 7, 2
0.000125, 7, 2
0.00016667, 7, 2
0.00025, 7, 2
0.0005, 7, 2
0.01, 7, 2
0.0125, 7, 2
0.01667, 7, 2
0.025, 7, 2
0.05, 7, 2
0.0001, 9, 2
0.000125, 9, 2
0.00016667, 9, 2
0.00025, 9, 2
0.0005, 9, 2
0.01, 9, 2
0.0125, 9, 2
0.01667, 9, 2
0.025, 9, 2
0.05, 9, 2
0.0001, 11, 2
0.000125, 11, 2
0.00016667, 11, 2
0.00025, 11, 2
0.0005, 11, 2
0.01, 11, 2
0.0125, 11, 2
0.01667, 11, 2
0.025, 11, 2
0.05, 11, 2
0.0001, 13, 2
0.000125, 13, 2
0.00016667, 13, 2
0.00025, 13, 2
0.0005, 13, 2
0.01, 13, 2
0.0125, 13, 2
0.01667, 13, 2
0.025, 13, 2
0.05, 13, 2
0.0001, 3, 2
0.000125, 3, 2
0.00016667, 3, 2
0.00025, 3, 2
0.0005, 3, 2
0.01, 3, 2
0.0125, 3, 2
0.01667, 3, 2
0.025, 3, 2
0.05, 3, 2
0.0001, 5, 2
0.000125, 5, 2
0.00016667, 5, 2
0.00025, 5, 2
0.0005, 5, 2
0.01, 5, 2
0.0125, 5, 2
0.01667, 5, 2
0.025, 5, 2
0.05, 5, 2
0.0001, 7, 2
0.000125, 7, 2
0.00016667, 7, 2
0.00025, 7, 2
0.0005, 7, 2
0.01, 7, 2
0.0125, 7, 2
0.01667, 7, 2
0.025, 7, 2
0.05, 7, 2
0.0001, 9, 2
0.000125, 9, 2
0.00016667, 9, 2
0.00025, 9, 2
0.0005, 9, 2
0.01, 9, 2
0.0125, 9, 2
0.01667, 9, 2
0.025, 9, 2
0.05, 9, 2
0.0001, 11, 2
0.000125, 11, 2
0.00016667, 11, 2
0.00025, 11, 2
0.0005, 11, 2
0.01, 11, 2
0.0125, 11, 2
0.01667, 11, 2
0.025, 11, 2
0.05, 11, 2
0.0001, 13, 2
0.000125, 13, 2
0.00016667, 13, 2
0.00025, 13, 2
0.0005, 13, 2
0.01, 13, 2
0.0125, 13, 2
0.01667, 13, 2
0.025, 13, 2
0.05, 13, 2
0.0001, 3, 2
0.000125, 3, 2
0.00016667, 3, 2
0.00025, 3, 2
0.0005, 3, 2
0.01, 3, 2
0.0125, 3, 2
0.01667, 3, 2
0.025, 3, 2
0.05, 3, 2
0.0001, 5, 2
0.000125, 5, 2
0.00016667, 5, 2
0.00025, 5, 2
0.0005, 5, 2
0.01, 5, 2
0.0125, 5, 2
0.01667, 5, 2
0.025, 5, 2
0.05, 5, 2
0.0001, 7, 2
0.000125, 7, 2
0.00016667, 7, 2
0.00025, 7, 2
0.0005, 7, 2
0.01, 7, 2
0.0125, 7, 2
0.01667, 7, 2
0.025, 7, 2
0.05, 7, 2
0.0001, 9, 2
0.000125, 9, 2
0.00016667, 9, 2
0.00025, 9, 2
0.0005, 9, 2
0.01, 9, 2
0.0125, 9, 2
0.01667, 9, 2
0.025, 9, 2
0.05, 9, 2
0.0001, 11, 2
0.000125, 11, 2
0.00016667, 11, 2
0.00025, 11, 2
0.0005, 11, 2
0.01, 11, 2
0.0125, 11, 2
0.01667, 11, 2
0.025, 11, 2
0.05, 11, 2
0.0001, 13, 2
0.000125, 13, 2
0.00016667, 13, 2
0.00025, 13, 2
0.0005, 13, 2
0.01, 13, 2
0.0125, 13, 2
0.01667, 13, 2
0.025, 13, 2
0.05, 13, 2
0.0001, 3, 2
0.000125, 3, 2
0.00016667, 3, 2
0.00025, 3, 2
0.0005, 3, 2
0.01, 3, 2
0.0125, 3, 2
0.01667, 3, 2
0.025, 3, 2
0.05, 3, 2
0.0001, 5, 2
0.000125, 5, 2
0.00016667, 5, 2
0.00025, 5, 2
0.0005, 5, 2
0.01, 5, 2
0.0125, 5, 2
0.01667, 5, 2
0.025, 5, 2
0.05, 5, 2
0.0001, 7, 2
0.000125, 7, 2
0.00016667, 7, 2
0.00025, 7, 2
0.0005, 7, 2
0.01, 7, 2
0.0125, 7, 2
0.01667, 7, 2
0.025, 7, 2
0.05, 7, 2
0.0001, 9, 2
0.000125, 9, 2
0.00016667, 9, 2
0.00025, 9, 2
0.0005, 9, 2
0.01, 9, 2
0.0125, 9, 2
0.01667, 9, 2
0.025, 9, 2
0.05, 9, 2
0.0001, 11, 2
0.000125, 11, 2
0.00016667, 11, 2
0.00025, 11, 2
0.0005, 11, 2
0.01, 11, 2
0.0125, 11, 2
0.01667, 11, 2
0.025, 11, 2
0.05, 11, 2
0.0001, 13, 2
0.000125, 13, 2
0.00016667, 13, 2
0.00025, 13, 2
0.0005, 13, 2
0.01, 13, 2
0.0125, 13, 2
0.01667, 13, 2
0.025, 13, 2
0.05, 13, 2
0.0001, 3, 2
0.000125, 3, 2
0.00016667, 3, 2
0.00025, 3, 2
0.0005, 3, 2
0.01, 3, 2
0.0125, 3, 2
0.01667, 3, 2
0.025, 3, 2
0.05, 3, 2
0.0001, 5, 2
0.000125, 5, 2
0.00016667, 5, 2
0.00025, 5, 2
0.0005, 5, 2
0.01, 5, 2
0.0125, 5, 2
0.01667, 5, 2
0.025, 5, 2
0.05, 5, 2
0.0001, 7, 2
0.000125, 7, 2
0.00016667, 7, 2
0.00025, 7, 2
0.0005, 7, 2
0.01, 7, 2
0.0125, 7, 2
0.01667, 7, 2
0.025, 7, 2
0.05, 7, 2
0.0001, 9, 2
0.000125, 9, 2
0.00016667, 9, 2
0.00025, 9, 2
0.0005, 9, 2
0.01, 9, 2
0.0125, 9, 2
0.01667, 9, 2
0.025, 9, 2
0.05, 9, 2
0.0001, 11, 2
0.000125, 11, 2
0.00016667, 11, 2
0.00025, 11, 2
0.0005, 11, 2
0.01, 11, 2
0.0125, 11, 2
0.01667, 11, 2
0.025, 11, 2
0.05, 11, 2
0.0001, 13, 2
0.000125, 13, 2
0.00016667, 13, 2
0.00025, 13, 2
0.0005, 13, 2
0.01, 13, 2
0.0125, 13, 2
0.01667, 13, 2
0.025, 13, 2
0.05, 13, 2
0.0001, 3, 2
0.000125, 3, 2
0.00016667, 3, 2
0.00025, 3, 2
0.0005, 3, 2
0.01, 3, 2
0.0125, 3, 2
0.01667, 3, 2
0.025, 3, 2
0.05, 3, 2
0.0001, 5, 2
0.000125, 5, 2
0.00016667, 5, 2
0.00025, 5, 2
0.0005, 5, 2
0.01, 5, 2
0.0125, 5, 2
0.01667, 5, 2
0.025, 5, 2
0.05, 5, 2
0.0001, 7, 2
0.000125, 7, 2
0.00016667, 7, 2
0.00025, 7, 2
0.0005, 7, 2
0.01, 7, 2
0.0125, 7, 2
0.01667, 7, 2
0.025, 7, 2
0.05, 7, 2
0.0001, 9, 2
0.000125, 9, 2
0.00016667, 9, 2
0.00025, 9, 2
0.0005, 9, 2
0.01, 9, 2
0.0125, 9, 2
0.01667, 9, 2
0.025, 9, 2
0.05, 9, 2
0.0001, 11, 2
0.000125, 11, 2
0.00016667, 11, 2
0.00025, 11, 2
0.0005, 11, 2
0.01, 11, 2
0.0125, 11, 2
0.01667, 11, 2
0.025, 11, 2
0.05, 11, 2
0.0001, 13, 2
0.000125, 13, 2
0.00016667, 13, 2
0.00025, 13, 2
0.0005, 13, 2
0.01, 13, 2
0.0125, 13, 2
0.01667, 13, 2
0.025, 13, 2
0.05, 13, 2
